0 7 8 9 1 1 15 3 5 1 1 1 5 1 1 1 1 1 11 15 5 1 2 2 0 3 8 0 0 1 0 0 0 0 0
20
20
2
2
2
2
2
2
2
2
2
2
2
2
2
2
2
2
2
2
2
2
2
0
0
0
0
0
6
0
2
0
2
0
0
0
0
3
0
6
0
2
2
0
2
2
2
4
2
0
2
0
2
0
2
0
0
2
5
2
4
2
2
0
1
1
1
1
2
0
2
0
3
0
2
2
2
2
0
6
0
2
2
0
2
0
2
0
2
4
2
5
2
0
0
0
2
0
1
2
4
2
2
0
0
0
2
0
6
0
2
0
2
0
2
0
2
0
6
6
0
2
2
2
2
0
2
2
2
1
0
0
0
0
2
2
2
0
1
2
4
2
2
6
2
0
0
0
0
0
2
2
2
0
0
0
2
0
0
6
0
2
2
0
0
1
0
2
2
2
2
0
0
2
2
0
2
2
5
2
4
2
2
2
2
0
2
2
0
0
0
0
0
2
0
0
0
2
0
6
0
2
2
0
3
0
2
0
0
2
0
2
0
2
2
2
2
6
5
2
4
2
2
0
2
4
2
0
2
2
2
2
1
0
2
0
1
5
0
2
0
2
2
0
0
1
0
0
3
0
0
2
0
1
1
0
1
1
1
3
0
2
2
5
2
0
2
2
2
0
2
2
0
2
2
2
0
2
0
2
0
2
2
0
0
0
3
0
0
0
2
0
0
0
0
2
2
2
0
2
0
2
2
0
2
5
2
0
2
2
2
2
2
2
0
2
1
4
1
2
0
2
2
0
6
0
3
0
2
0
0
0
0
0
0
2
1
1
1
0
0
2
2
4
2
5
2
0
2
0
0
0
0
0
0
2
1
6
1
2
2
2
2
0
0
0
6
0
2
0
0
0
0
0
0
2
1
1
1
0
0
2
2
2
2
2
2
2
2
2
2
2
2
2
2
2
2
2
2
2
2
2
20
20
2
2
2
2
2
2
2
2
2
2
2
2
2
2
2
2
2
2
2
2
2
0
0
0
2
0
0
6
0
0
2
0
0
3
0
0
0
2
0
2
2
0
2
0
1
2
0
2
0
2
2
0
2
0
5
2
5
0
0
2
2
0
0
1
1
2
2
0
0
0
0
0
0
5
0
0
1
2
0
2
2
2
2
0
5
1
1
1
0
2
2
2
5
0
5
0
1
0
0
2
2
1
1
1
0
6
4
2
0
0
0
0
2
0
2
2
1
2
2
2
2
1
0
1
1
0
4
2
0
2
0
0
2
0
0
0
1
0
0
2
2
1
1
4
0
1
3
2
0
4
2
2
0
2
5
2
0
2
0
2
2
1
0
6
1
1
0
2
4
6
6
0
1
6
0
6
0
2
0
2
2
1
1
1
1
0
6
1
1
1
0
1
0
2
5
2
0
0
2
2
2
2
2
2
2
2
2
4
0
0
2
4
2
2
0
2
2
2
2
2
2
4
3
4
3
4
0
0
2
2
2
0
0
0
0
3
0
2
0
2
2
4
5
3
5
3
2
0
6
0
2
2
5
2
1
0
3
2
0
2
2
0
2
2
2
2
6
0
6
1
1
6
0
2
0
2
4
0
0
2
2
0
0
0
6
0
0
2
5
0
0
0
5
2
2
0
3
1
2
2
2
2
2
0
2
2
0
2
2
0
2
4
0
1
0
3
6
1
0
2
2
0
2
0
2
0
2
1
1
1
2
0
1
1
1
1
0
5
0
2
2
0
0
0
2
0
2
2
0
2
2
2
4
2
5
2
2
2
0
2
2
0
2
2
2
0
0
0
0
2
0
0
0
0
0
2
0
6
6
2
2
2
2
2
2
2
2
2
2
2
2
2
2
2
2
2
2
2
2
2
20
20
2
2
2
2
2
2
2
2
2
2
2
2
2
2
2
2
2
2
2
2
2
0
0
0
0
0
0
0
0
0
0
0
0
0
0
0
0
0
0
2
2
0
0
0
0
0
0
0
0
0
0
0
0
0
0
0
0
0
0
2
2
0
0
0
0
0
0
0
0
0
0
0
0
0
0
0
0
0
0
2
2
0
0
0
0
0
0
0
0
0
0
0
0
0
0
0
0
0
0
2
2
0
0
0
0
0
0
0
0
0
0
0
0
0
0
0
0
0
0
2
2
0
0
0
0
0
0
0
0
0
0
0
0
0
0
0
0
0
0
2
2
0
0
0
0
0
0
0
0
0
0
0
0
0
0
0
0
0
0
2
2
0
0
0
0
0
0
0
0
0
0
0
0
0
0
0
0
0
0
2
2
0
0
0
0
0
0
0
0
0
0
0
0
0
0
0
0
0
0
2
2
0
0
0
0
0
0
0
0
0
0
0
0
0
0
0
0
0
0
2
2
0
0
0
0
0
0
0
0
0
0
0
0
0
0
0
0
0
0
2
2
0
0
0
0
0
0
0
0
0
0
0
0
0
0
0
0
0
0
2
2
0
0
0
0
0
0
0
0
0
0
0
0
0
0
0
0
0
0
2
2
0
0
0
0
0
0
0
0
0
0
0
0
0
0
0
0
0
0
2
2
2
2
2
2
0
0
0
0
0
0
0
0
0
0
0
0
0
0
2
2
8
8
8
2
0
0
0
0
0
0
0
0
0
0
0
0
0
0
2
2
8
8
8
2
0
0
0
0
0
0
0
0
0
0
0
0
0
0
2
2
7
8
8
2
0
0
0
0
0
0
0
0
0
0
0
0
0
0
2
2
2
2
2
2
2
2
2
2
2
2
2
2
2
2
2
2
2
2
2
7
11
2
2
2
2
2
2
2
2
2
0
2
2
2
2
2
2
7
2
2
2
2
2
2
7
7
2
2
2
2
2
2
7
2
2
2
2
2
2
7
7
7
2
2
7
7
7
2
7
2
2
7
2
7
7
7
2
2
7
7
7
2
2
2
2
2
2
7
2
2
2
2
2
2
2
2
2
2
3 2
9
9
2
2
2
2
2
2
2
2
2
2
0
7
7
2
7
7
7
2
2
7
2
7
2
7
2
7
2
2
7
7
1
7
1
7
7
2
2
2
2
7
2
7
2
2
2
2
7
7
1
7
1
7
7
2
2
7
2
7
2
7
2
5
2
2
7
7
7
2
7
7
7
2
2
2
2
2
2
2
2
2
2
2 2
9
9
2
2
2
2
2
2
2
2
2
2
7
7
7
2
7
7
7
2
2
7
2
7
2
7
2
7
2
2
7
7
7
2
7
7
7
2
2
7
7
7
2
7
7
7
2
2
7
7
7
7
7
7
7
2
2
7
7
7
7
7
7
7
2
2
7
7
7
2
7
7
7
2
2
2
2
2
2
2
2
2
2
2 3
11
9
2
2
2
2
2
2
2
2
2
2
2
2
7
7
7
7
7
7
7
7
7
2
2
7
7
7
7
7
7
7
7
7
2
2
2
2
0
7
2
7
7
7
7
2
2
7
7
7
7
7
7
2
7
7
2
2
7
7
7
2
7
2
7
7
7
2
2
7
2
7
7
7
2
7
2
7
2
2
7
7
7
7
7
7
7
7
7
2
2
2
2
2
2
2
2
2
2
2
2
4 4
10
13
2
2
2
2
2
2
2
2
2
2
2
2
2
7
2
7
7
7
7
2
2
7
7
7
7
7
7
7
7
2
2
7
7
7
7
7
2
2
7
2
2
7
7
7
7
0
7
7
7
2
2
7
7
7
7
2
7
7
7
2
2
7
7
7
2
7
7
2
7
2
2
7
7
7
7
7
7
7
7
2
2
7
7
2
7
7
2
2
2
2
2
7
7
7
7
7
7
7
7
2
2
7
7
7
7
7
2
2
7
2
2
7
7
2
2
7
7
7
7
2
2
2
2
2
2
2
2
2
2
2
6 5
13
14
2
2
2
2
2
2
2
2
2
2
2
2
2
2
0
7
7
7
7
2
7
3
6
7
2
2
2
2
2
7
7
2
7
7
7
1
1
7
2
2
7
7
1
7
7
1
7
2
7
7
7
2
2
7
2
7
7
7
7
7
7
7
7
7
2
2
7
7
7
7
7
7
2
2
2
7
7
2
2
7
7
2
2
2
2
2
7
7
7
7
2
2
2
7
7
2
7
7
2
7
7
2
7
2
2
7
7
7
7
7
7
2
2
7
7
7
2
2
7
2
2
2
2
7
7
7
2
7
7
2
2
7
7
7
7
2
7
1
1
7
7
7
2
2
7
7
2
7
2
7
7
7
2
2
7
2
2
7
7
2
7
7
7
2
7
7
7
7
2
2
2
2
2
2
2
2
2
2
2
2
2
2
2 2
9
10
2
2
2
2
2
2
2
2
2
2
2
2
7
7
7
2
2
2
2
0
7
7
2
7
7
7
2
2
7
2
7
7
7
2
7
2
2
7
7
7
2
7
7
3
2
2
7
6
7
2
7
7
7
2
2
7
2
6
7
7
2
7
2
2
7
7
7
2
7
7
7
2
2
2
2
7
3
7
2
2
2
2
2
2
2
2
2
2
2
2
2 3
17
11
2
2
2
2
2
2
2
2
2
2
2
2
2
2
2
2
2
2
0
7
7
7
7
7
7
7
7
7
2
7
7
7
7
2
2
7
7
2
2
2
7
7
6
7
7
2
7
7
7
7
2
2
2
2
7
3
7
1
7
7
7
3
7
7
7
7
7
2
2
7
7
7
5
7
7
2
7
7
2
2
7
7
7
7
2
2
7
2
7
7
2
7
7
1
1
7
7
7
2
7
7
2
2
7
7
7
7
7
7
2
7
7
7
5
7
7
2
2
2
2
7
7
2
7
7
7
7
2
2
7
7
2
7
7
7
2
2
7
7
7
7
2
2
7
7
7
3
7
7
2
2
7
2
2
7
7
7
7
7
7
7
7
7
7
2
7
7
7
7
2
2
2
2
2
2
2
2
2
2
2
2
2
2
2
2
2
2
2 2
2
2
0
0
0
0
4 4 1 1 0 0 1 0 0 1 0 0 0 5 10 8 13 1
0 0 27
16 2 0
0 0 29
1 0 0
0 0 38
15 0 0
0 0 62
17 3 0
0 0 65
16 3 0
0 0 70
17 4 0
0 0 83
17 2 0
0 0 113
7 0 0
0 0 130
17 1 0
0 0 141
15 0 0
0 0 192
16 1 0
0 0 194
15 0 0
0 0 201
14 1 0
0 0 208
15 0 0
0 0 232
10 0 0
0 0 236
1 0 0
0 0 248
16 4 0
0 0 274
1 0 0
0 0 286
17 3 0
0 0 289
14 2 0
0 0 323
3 0 0
0 0 327
18 0 0
0 0 328
4 0 0
0 0 374
14 3 0
0 0 378
15 0 0
0 1 21
15 0 0
0 1 29
2 0 0
0 1 38
16 6 0
0 1 53
15 0 0
0 1 78
17 5 0
0 1 109
17 7 0
0 1 111
15 0 0
0 1 131
14 5 0
0 1 152
15 0 0
0 1 158
17 5 0
0 1 162
16 5 0
0 1 178
14 4 0
0 1 226
17 5 0
0 1 236
2 0 0
0 1 238
15 0 0
0 1 274
2 0 0
0 1 290
17 7 0
0 1 306
16 7 0
0 1 323
17 7 0
0 1 342
17 4 0
0 1 343
17 8 0
0 1 361
1 0 0
0 1 370
16 8 0
0 2 361
2 0 0





