0 0 0 0 0 1 3 2 3 1 12 5 3 
1 10 10 943208504 3670072 0 0 0 0 0 0 0 0 0 0 0 0 
0 0 0 0 
0 0 0 0 
0 0 0 0 
0 0 0 0 
0 0 0 0 
0 0 0 0 
0 0 0 0 
0 0 0 0 
0 0 0 0 
0 0 0 0 

0 0 0 0 0 0 0 0 0 0 
0 0 0 0 0 1 1 0 0 0 
3 0 0 0 
0 0 0 0 
0 0 0 0 
0 0 0 0 
0 0 0 0 
0 0 0 0 
0 0 0 0 
0 0 0 0 
0 0 0 0 
0 0 0 0 

0 0 0 0 0 0 0 0 0 0 
0 0 0 0 0 1 1 0 0 0 
0 0 0 0 
0 0 0 0 
12 0 11 0 
13 10 7 0 
0 0 0 0 
0 0 0 0 
0 0 0 0 
0 0 0 0 
0 0 0 0 
0 0 0 0 

0 0 0 0 0 0 0 0 0 0 
0 1 0 0 0 1 1 0 0 0 
0 0 0 0 
0 0 0 0 
10 0 10 0 
0 0 0 0 
20 0 2 0 
0 0 0 0 
0 0 0 0 
0 0 0 0 
0 0 0 0 
0 0 0 0 

0 0 0 0 0 0 0 0 0 0 
0 1 0 0 0 1 1 0 0 0 
0 0 0 0 
0 0 0 0 
8 0 9 0 
16 1 0 0 
0 0 0 0 
0 0 0 0 
0 0 0 0 
0 0 0 0 
0 0 0 0 
0 0 0 0 

0 0 0 0 0 0 0 0 0 0 
0 1 0 0 0 1 0 0 0 0 
4 0 0 0 
0 0 0 0 
9 0 8 0 
24 0 0 0 
22 1 0 0 
0 0 0 0 
0 0 0 0 
0 0 0 0 
0 0 0 0 
0 0 0 0 

0 0 0 0 0 0 0 0 0 0 
0 1 1 1 1 1 0 0 0 0 
0 0 0 0 
0 0 0 0 
0 0 0 0 
0 0 0 0 
0 0 0 0 
0 0 0 0 
0 0 0 0 
0 0 0 0 
0 0 0 0 
0 0 0 0 

0 0 0 0 0 0 0 0 0 0 
0 0 0 0 0 0 0 0 0 0 
0 0 0 0 
0 0 0 0 
0 0 0 0 
0 0 0 0 
0 0 0 0 
0 0 0 0 
0 0 0 0 
0 0 0 0 
0 0 0 0 
0 0 0 0 

0 0 0 0 0 0 0 0 0 0 
0 0 0 0 0 0 0 0 0 0 
5 0 0 0 
0 0 0 0 
0 0 0 0 
0 0 0 0 
0 0 0 0 
0 0 0 0 
0 0 0 0 
0 0 0 0 
0 0 0 0 
0 0 0 0 

0 0 0 0 0 0 0 0 0 0 
0 0 0 0 0 0 0 0 0 0 
0 0 0 0 
0 0 0 0 
0 0 0 0 
0 0 0 0 
0 0 0 0 
0 0 0 0 
0 0 0 0 
0 0 0 0 
0 0 0 0 
0 0 0 0 

0 0 0 0 0 0 0 0 0 0 


1 10 10 0 0 0 0 4 1 1 1 1 1 1 1 1 6 
0 0 0 0 
0 0 0 0 
0 0 0 0 
0 0 0 0 
0 0 0 0 
0 0 0 0 
0 0 0 0 
0 0 0 0 
0 0 0 0 
0 0 0 0 

0 0 0 0 0 0 0 0 0 0 
4 1 1 1 1 1 1 1 6 1 
0 0 0 0 
0 0 0 0 
0 0 0 0 
0 0 0 0 
0 0 0 0 
0 0 0 0 
0 0 0 0 
0 0 0 0 
0 0 0 0 
0 0 0 0 

0 0 0 0 0 0 0 0 0 0 
1 4 1 1 1 1 1 6 1 1 
0 0 0 0 
0 0 0 0 
0 0 0 0 
0 0 0 0 
0 0 0 0 
0 0 0 0 
0 0 0 0 
0 0 0 0 
0 0 0 0 
0 0 0 0 

0 0 0 0 0 0 0 0 0 0 
1 1 4 1 1 1 6 1 1 1 
0 0 0 0 
0 0 0 0 
0 0 0 0 
0 0 0 0 
0 0 0 0 
0 0 0 0 
0 0 0 0 
0 0 0 0 
0 0 0 0 
0 0 0 0 

0 0 0 0 0 0 0 0 0 0 
1 1 1 4 1 6 1 1 1 1 
0 0 0 0 
0 0 0 0 
0 0 0 0 
0 0 0 0 
0 0 0 0 
0 0 0 0 
0 0 0 0 
0 0 0 0 
0 0 0 0 
0 0 0 0 

0 0 0 0 0 0 0 0 0 0 
1 1 1 1 7 5 1 1 1 1 
0 0 0 0 
0 0 0 0 
0 0 0 0 
0 0 0 0 
0 0 0 0 
0 0 0 0 
0 0 0 0 
0 0 0 0 
0 0 0 0 
0 0 0 0 

0 0 0 0 0 0 0 0 0 0 
1 1 1 3 1 1 5 1 1 1 
0 0 0 0 
0 0 0 0 
0 0 0 0 
0 0 0 0 
0 0 0 0 
0 0 0 0 
0 0 0 0 
0 0 0 0 
0 0 0 0 
0 0 0 0 

0 0 0 0 0 0 0 0 0 0 
1 1 3 1 1 1 1 5 1 1 
0 0 0 0 
0 0 0 0 
0 0 0 0 
0 0 0 0 
0 0 0 0 
0 0 0 0 
0 0 0 0 
0 0 0 0 
0 0 0 0 
0 0 0 0 

0 0 0 0 0 0 0 0 0 0 
1 3 1 1 1 1 1 1 5 1 
0 0 0 0 
0 0 0 0 
0 0 0 0 
0 0 0 0 
0 0 0 0 
0 0 0 0 
0 0 0 0 
0 0 0 0 
0 0 0 0 
0 0 0 0 

0 0 0 0 0 0 0 0 0 0 
3 1 1 1 1 1 1 1 1 5 
0 0 0 0 
0 0 0 0 
0 0 0 0 
0 0 0 0 
0 0 0 0 
0 0 0 0 
0 0 0 0 
0 0 0 0 
0 0 0 0 
0 0 0 0 

0 0 0 0 0 0 0 0 0 0 


0 
0 
0 
1 0 4 5 0 
0 0 0 0 0 0 
0 0 0 0 0 
0 0 0 0 0 
6 0 0 0 


0 1 0 0 
0 0 0 0 
0 0 0 0 
0 0 0 0 
0 0 0 0 
0 0 0 0 
0 0 0 0 
0 0 0 0 
0 0 0 0 
0 0 0 0 
0 0 0 0 
0 0 0 0 
0 0 0 0 
0 0 0 0 
0 0 0 0 
0 0 0 0 
0 0 0 0 
0 0 0 0 
0 0 0 0 
0 0 0 0 
0 0 0 0 
0 0 0 0 
0 0 0 0 
0 0 0 0 
0 0 0 0 
0 0 0 0 
0 0 0 0 
0 0 0 0 
0 0 0 0 
0 0 0 0 
0 0 0 0 
0 0 0 0 
0 0 0 0 
0 0 0 0 
0 0 0 0 
0 0 0 0 
0 0 0 0 
0 0 0 0 
0 0 0 0 
0 0 0 0 

0 0 0 0 0 
1 1 0 6 4 2 
0 0 0 0 0 
42 0 0 3 1 
0 0 0 0 

0 1 0 0 7 1 
0 0 0 0 0 
0 0 0 0 1 
0 0 0 0 

2 1 0 4 5 3 
0 0 0 0 0 
42 0 0 3 1 
14 1 0 0 


0 1 0 0 
7 0 4 0 
0 0 0 0 
0 0 0 0 
0 0 0 0 
0 0 0 0 
0 0 0 0 
0 0 0 0 
0 0 0 0 
0 0 0 0 
0 0 0 0 
0 0 0 0 
0 0 0 0 
0 0 0 0 
0 0 0 0 
0 0 0 0 
0 0 0 0 
0 0 0 0 
0 0 0 0 
0 0 0 0 
0 0 0 0 
0 0 0 0 
0 0 0 0 
0 0 0 0 
0 0 0 0 
0 0 0 0 
0 0 0 0 
0 0 0 0 
0 0 0 0 
0 0 0 0 
0 0 0 0 
0 0 0 0 
0 0 0 0 
0 0 0 0 
0 0 0 0 
0 0 0 0 
0 0 0 0 
0 0 0 0 
0 0 0 0 
0 0 0 0 

1 0 4 0 0 
1 1 0 4 0 3 
0 0 0 0 0 
18 0 0 1 1 
0 0 0 0 

2 1 0 9 7 0 
0 0 0 0 0 
28 0 0 4 1 
0 0 0 0 


0 1 0 0 
7 0 3 0 
0 0 0 0 
0 0 0 0 
0 0 0 0 
0 0 0 0 
0 0 0 0 
0 0 0 0 
0 0 0 0 
0 0 0 0 
0 0 0 0 
0 0 0 0 
0 0 0 0 
0 0 0 0 
0 0 0 0 
0 0 0 0 
0 0 0 0 
0 0 0 0 
0 0 0 0 
0 0 0 0 
0 0 0 0 
0 0 0 0 
0 0 0 0 
0 0 0 0 
0 0 0 0 
0 0 0 0 
0 0 0 0 
0 0 0 0 
0 0 0 0 
0 0 0 0 
0 0 0 0 
0 0 0 0 
0 0 0 0 
0 0 0 0 
0 0 0 0 
0 0 0 0 
0 0 0 0 
0 0 0 0 
0 0 0 0 
0 0 0 0 

0 0 0 0 0 
1 1 0 3 9 2 
0 0 0 0 0 
16 2 0 1 1 
7 0 2 0 

0 1 0 6 4 0 
0 0 0 0 0 
0 0 0 0 1 
15 2 0 0 

1 1 0 6 4 0 
0 0 0 0 0 
28 0 0 2 1 
14 1 0 0 


7 0 2 0 
8 1 6 0 
7 1 5 0 
0 0 0 0 
0 0 0 0 
0 0 0 0 
0 0 0 0 
0 0 0 0 
0 0 0 0 
0 0 0 0 
0 0 0 0 
0 0 0 0 
0 0 0 0 
0 0 0 0 
0 0 0 0 
0 0 0 0 
0 0 0 0 
0 0 0 0 
0 0 0 0 
0 0 0 0 
0 0 0 0 
0 0 0 0 
0 0 0 0 
0 0 0 0 
0 0 0 0 
0 0 0 0 
0 0 0 0 
0 0 0 0 
0 0 0 0 
0 0 0 0 
0 0 0 0 
0 0 0 0 
0 0 0 0 
0 0 0 0 
0 0 0 0 
0 0 0 0 
0 0 0 0 
0 0 0 0 
0 0 0 0 
0 0 0 0 

0 0 0 0 0 
2 1 0 7 6 1 
0 0 0 0 0 
30 0 0 1 1 
14 0 0 0 


7 1 0 0 
8 0 1 0 
0 0 0 0 
0 0 0 0 
0 0 0 0 
0 0 0 0 
0 0 0 0 
0 0 0 0 
0 0 0 0 
0 0 0 0 
0 0 0 0 
0 0 0 0 
0 0 0 0 
0 0 0 0 
0 0 0 0 
0 0 0 0 
0 0 0 0 
0 0 0 0 
0 0 0 0 
0 0 0 0 
0 0 0 0 
0 0 0 0 
0 0 0 0 
0 0 0 0 
0 0 0 0 
0 0 0 0 
0 0 0 0 
0 0 0 0 
0 0 0 0 
0 0 0 0 
0 0 0 0 
0 0 0 0 
0 0 0 0 
0 0 0 0 
0 0 0 0 
0 0 0 0 
0 0 0 0 
0 0 0 0 
0 0 0 0 
0 0 0 0 

1 0 4 0 0 0 
14 1 0 0 


23 0 4 1 0 0 
0 0 0 0 
0 0 0 0 
0 0 0 0 
0 0 0 0 
0 0 0 0 
0 0 0 0 
0 0 0 0 
0 0 0 0 
0 0 0 0 
0 0 0 0 
0 0 0 0 
0 0 0 0 
0 0 0 0 
0 0 0 0 
0 0 0 0 
0 0 0 0 
0 0 0 0 
0 0 0 0 
0 0 0 0 
0 0 0 0 
0 0 0 0 
0 0 0 0 
0 0 0 0 


4 0 3 0 0 0 
0 0 0 0 
0 0 0 0 
0 0 0 0 
0 0 0 0 


4 0 2 1 0 0 
14 1 0 0 
0 0 0 0 
0 0 0 0 
0 0 0 0 


1 0 1 1 0 0 
14 1 0 0 


1 0 3 2 0 0 
14 1 0 0 


23 0 3 1 0 0 
15 1 0 0 
0 0 0 0 
0 0 0 0 
0 0 0 0 
0 0 0 0 
0 0 0 0 
0 0 0 0 
0 0 0 0 
0 0 0 0 
15 10 0 0 
0 0 0 0 
0 0 0 0 
0 0 0 0 
0 0 0 0 
0 0 0 0 
0 0 0 0 
15 17 0 0 
15 18 0 0 
0 0 0 0 
0 0 0 0 
0 0 0 0 
0 0 0 0 
0 0 0 0 


10 1 0 2 3 0 
21 0 0 0 
21 0 0 0 
21 0 0 0 
21 0 0 0 
21 0 0 0 
21 0 0 0 
21 0 0 0 
21 0 0 0 
21 0 0 0 
21 0 0 0 


10 1 0 5 2 0 
0 0 0 0 
0 0 0 0 
0 0 0 0 
0 0 0 0 
0 0 0 0 
0 0 0 0 
0 0 0 0 
0 0 0 0 
0 0 0 0 
0 0 0 0 


23 1 0 4 2 0 
15 1 0 0 
0 0 0 0 
0 0 0 0 
15 4 0 0 
0 0 0 0 
0 0 0 0 
0 0 0 0 
0 0 0 0 
0 0 0 0 
0 0 0 0 
15 11 0 0 
0 0 0 0 
0 0 0 0 
0 0 0 0 
0 0 0 0 
0 0 0 0 
0 0 0 0 
0 0 0 0 
15 19 0 0 
15 20 0 0 
0 0 0 0 
0 0 0 0 
0 0 0 0 


10 1 0 3 2 0 
0 0 0 0 
0 0 0 0 
0 0 0 0 
0 0 0 0 
0 0 0 0 
0 0 0 0 
0 0 0 0 
0 0 0 0 
0 0 0 0 
0 0 0 0 


10 1 0 2 2 0 
21 0 0 0 
21 0 0 0 
21 0 0 0 
21 0 0 0 
21 0 0 0 
21 0 0 0 
21 0 0 0 
21 0 0 0 
21 0 0 0 
21 0 0 0 



5 0 0 0 0 0 0 0 0 0 0 
0 0 0 0 0 
62 Ceci est un test.
Est-ce que ca va fonctionner ?
Je l'espere !

0 1 0 0 0 0 0 0 0 0 
0 0 0 0 0 
53 Quoi, c'est deja la fin ?
C'etait facile, au final !


0 5 0 0 0 0 0 0 0 0 
0 0 0 0 0 
66 Te rejouis pas trop vite, le vieux.
C'est qu'un niveau test, hein.

0 4 0 0 0 0 0 0 0 0 
0 0 0 0 0 
61 Oui, mais au moins, maintenant on est surs que
ca fonctionne.

18 0 0 0 0 0 0 0 0 0 
0 0 0 0 0 
0 

2 1 0 9 5 0 
0 0 1 
1 0 0 0 0 0 0 0 0 0 0 
0 0 0 0 0 
57 Dialogue pour tester les cinematiques
en debut de partie.

0 0 0 0 0 0 
0 0 1 
1 0 0 0 0 0 0 0 0 0 0 
0 0 0 0 0 
75 Nous
interrompons
votre
programme
pour
tester
un
autre
type
de
cinematique.

1 1 0 9 1 0 
0 0 1 

